x <- 1:10

x^3
  
  ans <- 42